 msg sizes                1 RELAY                                12 RELAYS                             48 RELAYS                             96 RELAYS                            240 RELAYS
 (# elem)       500  5000   20k   50k  200k  500k     500  5000   20k   50k  200k  500k     500  5000   20k   50k  200k  500k     500  5000   20k   50k  200k  500k     500  5000   20k   50k  200k  500k
# channel 
           1   0.18  1.43  3.62  6.00  7.83  8.02    0.14  1.36  3.52  4.83  6.68  7.83    0.13  1.07  2.73  4.19  5.95  6.65    0.07  0.40  1.23  1.80  5.33  5.44    0.15  1.22  3.26  4.97  7.01  7.48
           2   0.18  1.49  3.56  5.94  7.67  7.83    0.34  2.19  5.11  6.76  7.85  8.48    0.27  2.11  4.12  5.55  7.18  8.17    0.13  0.70  2.23  3.57  6.78  8.09    0.29  2.09  4.56  6.29  7.96  8.49
EXCL       3   0.17  1.45  3.60  4.81  7.64  8.14    0.51  3.07  6.60  7.64  8.27  8.64    0.42  2.65  5.03  6.40  7.97  7.72    0.20  1.29  2.42  5.29  7.83  7.98    0.42  2.81  5.63  7.02  8.26  8.63
no assert  4   0.17  1.50  4.00  6.01  7.78  8.19    0.69  3.71  6.64  7.99  8.51  8.76    0.52  3.70  6.14  7.11  7.94  8.38    0.28  1.71  4.83  7.18  8.42  8.58    0.55  3.32  5.94  7.46  8.40  8.61
           6   0.18  1.51  4.01  5.98  7.75  8.18    1.12  5.42  7.74  8.58  8.41  8.45    0.85  4.36  6.44  7.22  7.44  7.72    0.47  2.90  5.85  5.27  7.69  7.85    0.78  4.32  6.79  7.84  7.92  8.02
           8   0.17  1.21  3.01  4.73  6.89  7.52    1.05  5.38  8.04  8.57  8.52  8.40    1.05  3.80  6.27  7.76  6.90  5.94    0.65  2.90  6.24  7.92  7.29  7.48    0.87  4.47  7.02  7.60  7.13  7.31
          10   0.15  1.34  3.58  5.43  6.47  7.67    1.03  5.32  8.55  8.68  8.53  8.31    1.14  5.60  7.15  5.73  6.37  6.59    0.72  4.36  6.93  6.87  5.82  6.93    0.94  4.97  7.23  7.16  6.60  6.69
          12   0.17  1.43  4.01  6.00  6.27  8.23    1.59  7.40  8.89  8.47  8.15  7.85    1.12  5.31  6.52  6.02  5.83  6.13    0.86  4.44  5.12  6.97  6.41  6.50    1.09  5.20  7.23  6.72  6.33  6.32

   msg sizes    500  5000   20k   50k  200k  500k     500  5000   20k   50k  200k  500k     500  5000   20k   50k  200k  500k     500  5000   20k   50k  200k  500k     500  5000   20k   50k  200k  500k

           1   0.18  1.50  4.00  5.97  7.76  8.23    0.84  6.98  9.10  8.71  8.74  8.40    0.86  6.90  6.80  6.43  4.99  4.13    0.88  5.82  6.21  5.27  4.06  3.21    0.89  4.09  4.05  3.82  2.67  1.96
           2   0.17  1.50  3.93  5.83  7.78  8.17    1.16  6.64  8.70  8.89  7.69  7.99    1.26  7.95  7.65  6.01  4.75  4.01    1.32  6.11  5.45  4.74  3.68  2.82    1.33  3.18  3.42  3.32  2.15  1.61
SHARED     3   0.18  1.48  4.00  5.95  7.74  8.24    1.51  7.10  8.78  9.10  8.49  8.10    1.86  7.17  6.57  5.54  4.64  3.80    1.93  4.96  4.87  4.30  3.34  2.44    1.42  2.90  3.23  3.11  1.97  0.90
no assert  4   0.17  1.22  3.51  5.97  7.78  8.23    1.62  7.34  8.85  8.94  7.98  7.70    2.44  6.64  6.72  5.78  4.42  3.73    2.34  6.47  4.79  4.20  3.18  2.40    1.33  2.72  3.11  3.11  1.97  1.39
           6   0.17  1.46  3.77  5.98  7.68  8.23    1.49  6.72  9.10  8.70  8.13  8.09    3.57  7.19  6.45  5.59  4.31  3.51    2.14  4.49  4.61  4.12  3.11  2.26    1.24  2.73  3.11  3.04  1.72  1.34
           8   0.13  1.43  3.93  5.82  7.48  8.20    1.47  7.57  9.04  8.74  8.11  8.06    3.72  7.11  6.74  5.37  4.22  3.28    1.91  4.65  4.29  4.00  3.10  2.16    1.15  2.58  3.14  2.90  1.64  1.25
          10   0.17  1.42  3.93  5.91  7.73  8.23    1.43  6.42  8.45  9.00  8.11  7.74    3.42  7.26  6.12  5.09  4.21  3.32    1.74  4.40  4.58  4.06  3.10  2.29    1.12  2.58  2.95  2.99  1.77  1.26
          12   0.17  1.34  3.99  5.97  7.75  8.23    1.30  6.11  8.46  8.40  8.20  7.97    3.22  6.34  5.73  4.89  4.27  3.28    1.69  4.30  4.48  4.05  3.08  2.23    1.11  2.58  3.04  2.93  1.69  1.24

   msg sizes    500  5000   20k   50k  200k  500k     500  5000   20k   50k  200k  500k     500  5000   20k   50k  200k  500k     500  5000   20k   50k  200k  500k     500  5000   20k   50k  200k  500k

           1   0.63  3.87  5.52  7.94  8.23  8.52    4.50  8.28  9.12  9.11  8.66  8.43    7.61  7.69  6.88  6.37  4.94  4.21    4.90  6.77  4.77  5.13  3.88  3.17    2.68  4.12  4.09  3.50  2.29  1.92
           2   0.64  3.81  6.77  7.95  8.51  8.59    4.55  8.44  9.10  9.05  7.80  8.30    7.19  8.22  7.70  6.11  4.69  3.99    4.76  6.41  5.38  4.62  3.45  2.74    2.22  3.21  3.44  2.88  1.79  1.57
SHARED     3   0.54  3.36  6.52  6.52  8.54  8.58    3.60  8.65  9.33  9.22  8.52  8.30    7.70  7.47  6.52  5.66  4.67  3.74    3.18  4.99  4.68  4.15  2.72  2.27    1.83  3.00  3.16  2.70  1.71  1.44
NOCHECK    4   0.63  3.94  6.81  7.95  8.55  8.61    4.20  8.70  9.42  9.05  7.42  7.95    6.73  6.66  6.60  5.86  4.29  3.52    3.67  5.10  4.73  3.98  2.90  2.32    1.73  2.83  3.09  2.66  1.75  0.86
           6   0.62  3.58  6.79  7.97  8.50  8.62    4.32  8.60  9.40  8.94  7.96  7.91    5.39  7.97  6.36  5.45  4.17  3.31    3.12  4.93  4.34  3.92  3.03  2.30    1.68  2.67  2.98  2.59  1.66  1.28
           8   0.64  3.93  6.80  7.97  8.52  8.63    4.39  8.40  9.08  8.97  7.97  7.55    6.20  7.93  6.59  5.18  4.08  3.38    3.01  4.57  4.25  3.76  3.08  2.00    1.62  2.55  2.89  2.49  1.59  1.24
          10   0.65  3.87  6.77  7.96  8.33  8.54    5.38  8.96  9.25  9.37  8.19  8.01    6.56  7.70  5.97  4.93  3.99  3.29    3.01  4.50  4.21  3.84  2.94  2.23    1.53  2.54  2.89  2.49  1.58  1.22
          12   0.63  3.92  6.71  7.93  8.43  8.58    5.56  8.86  9.30  8.67  7.91  7.85    5.73  6.39  5.34  4.77  3.88  3.21    2.60  4.47  4.18  3.79  2.83  2.39    1.58  2.53  2.90  2.55  1.50  1.23
                                                                                                                                                                     
   msg sizes    500  5000   20k   50k  200k  500k     500  5000   20k   50k  200k  500k     500  5000   20k   50k  200k  500k     500  5000   20k   50k  200k  500k     500  5000   20k   50k  200k  500k

           1   0.64  3.93  6.61  7.94  8.42  8.27    5.54  8.48  9.24  9.19  8.59  8.31    8.03  7.60  6.89  6.47  4.98  4.09    4.95  6.85  5.89  5.20  3.91  3.60    2.88  4.11  4.08  3.46  2.28  1.93
           2   0.64  3.93  6.20  7.39  8.49  8.62    5.80  8.56  9.03  9.20  7.67  7.74    3.78  8.09  7.64  6.01  4.55  3.73    4.89  6.29  5.33  4.70  3.55  2.78    2.14  3.29  3.45  2.91  2.00  1.59
EXCL       3   0.64  3.93  5.89  6.08  8.35  8.60    4.87  8.72  9.33  9.30  8.16  7.45    6.29  5.94  6.55  5.54  4.53  3.71    3.23  4.96  4.55  4.08  3.15  2.52    1.89  2.97  3.18  2.74  1.73  1.44
NOCHECK    4   0.63  3.60  6.42  6.74  8.53  8.63    4.75  8.72  9.29  9.11  7.73  7.86    6.62  4.66  6.64  5.63  4.53  3.51    3.70  5.15  4.45  4.05  3.01  2.30    1.75  2.79  3.06  2.65  1.68  1.36
           6   0.62  3.92  6.73  7.97  8.54  8.63    4.53  9.17  9.25  9.04  8.05  7.88    5.52  5.55  6.51  5.34  4.05  3.38    3.05  4.93  4.33  3.88  3.07  2.35    1.68  2.69  3.00  2.57  1.65  1.30
           8   0.65  3.91  6.78  5.54  8.54  8.63    5.05  8.77  9.28  9.03  8.20  7.87    6.39  7.88  6.64  4.59  4.10  3.28    3.01  4.54  4.35  3.75  2.93  2.13    1.53  2.58  2.88  2.46  1.53  1.27
          10   0.65  3.92  6.78  7.91  6.85  8.55    5.19  8.88  9.31  9.36  8.22  7.68    6.41  7.70  5.86  4.81  3.94  3.11    2.99  4.49  4.22  3.93  2.96  2.09    1.53  2.50  2.92  2.50  1.66  1.21
          12   0.65  3.94  6.79  7.95  8.53  8.61    5.45  8.70  9.31  8.69  7.90  7.86    3.64  6.60  5.33  4.75  3.99  3.08    2.62  4.34  4.16  4.02  2.45  1.92    1.56  2.52  2.89  2.51  1.70  1.23


